105
42,42,42,42,42,42,42,42,42,42,78,78,78,78,78,78,78,78,80,80,80,80,80,80,80,80,80,80,80,80,80,80,80,80,80,80,80,80,80,80,80,80,80,80,80,80,80,80,82,82,82,82,82,82,123,123,123,123,123,123,123,123,123,123,123,123,123,123,123,123,123,123,123,123,123,123,123,123,123,123,123,123,123,123,123,123,123,123,123,123,123,123,123,123,123,123,123,123,123,123,123,123,123,123,123,
1,1,0,0,0,1,1,1,1,1,0,0,0,1,1,1,1,1,0,0,0,1,0,0,0,0,0,0,0,0,1,1,1,0,0,1,1,0,1,1,1,0,0,1,0,1,1,1,0,1,1,1,1,1,0,1,0,0,1,1,0,1,0,0,1,0,1,1,1,0,1,0,0,1,0,0,1,0,0,1,0,0,1,1,1,0,0,1,1,1,1,1,1,1,1,1,1,1,1,1,1,1,1,1,1,
148
38,38,38,38,38,38,38,38,38,38,49,49,49,49,49,49,49,49,49,49,78,78,78,78,78,80,80,80,80,80,80,80,80,80,80,80,80,80,80,80,80,80,80,80,80,80,80,80,80,80,80,80,80,80,80,82,82,82,82,82,82,82,82,82,82,82,82,82,82,82,123,123,123,123,123,123,123,123,123,123,123,123,123,123,123,123,123,123,123,123,123,123,123,123,123,123,123,123,123,123,123,123,123,123,123,123,123,123,123,123,123,123,123,123,123,123,123,123,123,123,123,123,123,123,123,123,123,123,123,123,123,123,123,123,123,123,123,123,123,123,123,123,123,123,123,123,123,123,
0,0,0,0,0,1,0,0,0,0,0,1,0,1,1,0,1,1,1,1,1,1,1,1,1,0,0,0,0,0,0,0,0,0,0,0,0,0,0,0,0,0,1,1,0,0,0,0,0,0,0,1,0,1,0,0,1,1,1,1,0,1,1,0,0,1,1,1,1,1,0,1,1,0,1,0,0,1,0,0,1,0,0,0,0,0,1,0,0,1,0,0,1,0,0,0,0,0,0,0,0,0,0,0,1,1,0,1,0,0,0,0,0,0,0,0,1,0,0,0,0,0,1,1,0,0,0,0,1,1,0,1,0,0,0,0,0,1,0,0,0,0,0,1,1,0,1,0,
10
123,123,123,123,123,123,123,123,123,123,
1,1,1,1,1,1,1,1,1,1,
48
0,0,6,6,6,6,6,6,6,8,8,10,10,11,11,11,11,11,20,20,39,46,52,52,52,52,52,52,52,52,52,55,71,72,73,77,79,123,123,123,123,123,123,123,123,123,123,123,
1,1,1,1,1,1,0,1,1,1,1,1,1,1,1,0,1,1,1,0,0,0,0,1,1,0,1,1,1,1,1,1,1,1,1,1,1,1,0,0,1,0,1,1,1,1,1,1,
8
30,30,30,30,30,30,37,37,
1,0,1,1,1,1,0,0,
9
1,44,44,44,44,44,44,48,49,
0,0,1,1,1,0,0,0,1,
10
14,14,14,14,14,14,14,14,14,14,
0,1,1,1,1,1,1,1,1,1,
32
56,56,56,56,56,96,96,96,96,96,96,96,96,96,96,96,96,96,96,96,96,96,96,96,96,96,96,96,96,96,96,96,
1,1,1,1,1,0,1,1,0,0,0,1,0,0,1,0,0,0,1,0,0,1,0,0,0,1,0,0,0,1,1,1,
60
32,32,32,32,32,32,32,33,33,33,33,33,33,33,33,33,33,33,33,33,33,33,33,33,33,33,34,34,34,34,34,34,56,56,56,56,56,96,97,97,97,97,97,123,123,123,123,123,123,123,123,123,123,123,123,123,123,123,123,123,
0,0,1,1,0,1,1,0,0,1,1,0,1,1,1,1,0,1,0,1,1,1,0,1,1,1,1,0,1,0,1,0,0,0,1,1,1,1,0,1,0,0,1,0,0,0,0,1,1,1,1,1,1,0,1,1,1,1,1,1,
3
98,98,98,
0,0,0,
42
98,98,98,98,98,98,98,98,98,98,98,98,98,98,98,98,98,98,98,98,98,98,98,98,98,98,98,98,98,98,98,98,98,98,98,98,98,98,98,98,98,98,
0,0,0,1,0,0,1,1,0,0,1,1,0,0,0,0,1,1,0,1,1,0,0,1,1,0,1,1,1,1,1,1,1,0,1,1,0,1,1,1,1,1,
68
0,0,0,0,0,1,7,7,7,7,7,7,7,7,7,7,7,7,7,7,7,7,7,7,7,7,7,7,9,9,9,9,9,13,14,14,24,31,44,44,44,44,44,44,44,44,44,44,48,98,98,98,98,98,98,98,98,98,98,98,123,123,123,123,123,123,123,123,
0,1,0,1,1,1,1,0,0,1,1,1,1,0,1,1,1,1,1,1,1,0,0,1,0,1,1,1,0,1,0,1,1,0,1,1,1,1,1,1,1,0,0,1,0,1,1,1,1,1,1,1,1,0,1,1,0,1,1,1,1,1,0,1,1,1,0,1,
21
30,30,30,30,30,30,30,30,30,30,30,30,30,30,98,98,98,98,98,98,98,
0,1,0,0,1,1,1,0,1,1,0,1,1,1,0,0,0,0,0,0,1,
49
0,0,5,5,5,5,5,5,6,6,6,6,6,6,6,6,8,8,8,8,8,8,8,8,9,9,9,9,9,9,9,10,10,10,10,11,11,11,11,20,123,123,123,123,123,123,123,123,123,
1,1,0,0,1,1,1,1,1,1,1,1,1,1,1,1,1,1,0,0,1,0,0,1,1,0,1,1,0,1,1,1,1,1,1,1,1,1,1,0,1,1,0,0,1,1,1,1,0,
44
1,24,31,32,32,32,32,32,32,32,33,33,33,33,33,33,45,48,55,55,79,79,79,79,79,81,81,97,97,97,97,97,98,98,98,98,98,98,98,98,98,98,123,123,
1,1,1,0,1,1,1,1,1,1,1,1,1,1,1,1,1,1,1,1,1,0,1,1,1,1,1,0,0,1,1,1,1,1,1,0,1,0,1,0,0,1,0,0,
59
45,45,55,55,63,63,63,63,63,79,79,81,81,97,97,97,97,98,98,98,98,98,98,98,98,98,98,98,98,98,98,98,98,99,99,99,99,99,99,99,99,99,99,99,99,99,123,123,123,123,123,123,123,123,123,123,123,123,123,
1,1,1,1,0,0,0,0,0,1,1,1,1,0,1,1,1,1,0,1,1,1,1,0,0,1,0,0,1,0,1,0,1,0,1,0,1,1,1,0,1,1,1,0,1,1,1,1,1,1,1,1,1,1,1,1,1,1,1,
200
0,0,0,0,0,1,1,1,1,1,1,1,1,1,7,7,7,7,7,7,7,7,7,7,7,7,7,7,9,9,9,11,11,12,12,12,12,12,12,12,12,12,12,12,12,12,12,12,12,12,12,12,12,12,12,13,13,13,13,13,13,13,13,13,13,13,13,13,13,13,13,13,13,13,13,13,13,13,13,13,13,13,13,13,13,13,13,13,13,14,14,14,14,14,24,24,24,24,24,24,24,31,31,44,44,44,44,44,44,44,44,44,44,44,44,48,49,98,98,98,98,98,98,98,98,98,98,98,98,98,98,98,98,98,98,98,98,123,123,123,123,123,123,123,123,123,123,123,123,123,123,123,123,123,123,123,123,123,123,123,123,123,123,123,123,123,123,123,123,123,123,123,123,123,123,123,123,123,123,123,123,123,123,123,123,123,123,123,123,123,123,123,123,123,123,123,123,123,123,123,
0,0,1,1,1,0,0,1,0,1,1,1,1,1,0,0,1,1,1,1,1,1,1,0,1,1,1,1,0,1,1,0,1,0,0,0,0,0,0,0,0,0,1,0,0,1,1,1,0,0,0,0,0,1,1,0,0,1,1,0,0,1,0,0,0,0,0,0,1,1,1,0,0,0,0,0,1,0,0,1,1,1,0,0,0,0,0,1,1,1,1,1,1,1,0,0,1,0,1,1,1,0,1,0,0,1,1,1,1,0,1,1,1,1,1,0,1,1,1,0,1,1,0,1,1,1,1,0,0,1,0,1,0,1,1,0,1,1,0,0,0,1,0,0,1,0,0,0,0,0,0,1,1,0,0,0,1,1,0,1,1,0,1,1,0,0,1,1,0,0,0,0,1,1,1,0,1,1,0,1,1,1,1,0,1,1,1,0,1,1,1,1,1,1,0,1,1,1,1,1,
10
1,14,24,31,48,98,98,98,98,98,
0,0,0,0,0,0,0,0,1,0,
177
0,0,5,5,5,5,5,5,5,5,5,5,5,5,5,5,5,5,5,5,5,6,6,7,7,7,7,7,7,7,7,7,8,8,8,8,8,8,8,8,8,8,8,9,10,10,10,11,11,11,11,11,11,11,29,29,29,29,30,30,30,30,30,30,36,36,36,36,36,44,44,44,44,44,46,46,46,47,47,47,47,47,47,48,48,48,48,48,48,48,48,48,50,50,50,50,50,50,52,52,52,52,52,52,52,52,60,65,65,92,92,92,92,92,97,123,123,123,123,123,123,123,123,123,123,123,123,123,123,123,123,123,123,123,123,123,123,123,123,123,123,123,123,123,123,123,123,123,123,123,123,123,123,123,123,123,123,123,123,123,123,123,123,123,123,123,123,123,123,123,123,123,123,123,123,123,123,
1,1,1,0,0,1,1,1,0,1,0,0,0,1,1,1,1,0,1,1,1,1,1,1,1,0,0,1,1,1,1,1,0,1,0,0,0,0,1,1,0,1,1,1,1,1,1,1,0,1,1,1,1,1,0,1,1,1,1,0,1,1,1,1,0,1,1,1,1,0,0,1,1,1,1,1,1,0,0,1,1,0,1,0,1,1,1,0,1,1,0,1,0,1,0,1,1,1,0,0,1,1,0,1,1,1,1,1,1,0,0,1,1,1,1,0,0,1,0,0,0,1,0,0,0,1,1,0,0,1,1,1,1,0,1,1,1,1,1,1,1,1,1,0,1,1,1,0,1,1,1,1,1,0,1,0,0,0,1,1,1,1,1,1,1,0,1,1,1,1,1,1,1,0,1,0,1,
21
0,0,5,5,5,8,8,9,9,9,11,52,52,52,97,97,97,123,123,123,123,
1,1,1,1,0,1,0,1,1,0,1,0,0,0,0,0,0,1,0,0,0,
185
32,32,32,32,32,32,32,32,32,32,32,32,32,32,32,32,32,32,33,33,33,33,33,33,33,33,33,33,34,34,34,34,34,34,34,34,34,34,34,35,35,35,35,37,37,37,37,37,37,37,37,42,42,46,46,46,46,46,46,49,79,79,79,79,79,79,79,79,79,79,79,79,79,79,79,79,79,79,79,79,79,79,79,79,79,79,79,79,79,79,79,79,79,79,79,79,79,79,79,79,79,79,79,79,79,79,79,79,79,79,79,79,79,79,79,79,80,80,80,81,81,81,81,81,81,81,81,81,81,81,81,81,81,81,81,81,81,81,82,82,82,82,82,82,82,82,82,82,82,82,82,82,123,123,123,123,123,123,123,123,123,123,123,123,123,123,123,123,123,123,123,123,123,123,123,123,123,123,123,123,123,123,123,123,123,
0,1,1,0,1,0,1,1,1,0,1,0,1,1,1,0,1,0,1,0,1,1,1,1,1,0,1,0,0,0,1,1,1,1,1,0,1,1,1,0,1,1,1,1,0,0,1,1,1,1,1,1,1,1,1,0,1,1,1,0,0,1,0,0,1,0,1,1,0,1,1,0,0,0,0,1,1,1,1,0,1,1,0,1,1,0,0,0,0,1,0,0,1,1,0,1,1,1,1,0,0,1,0,0,0,0,1,0,1,0,0,0,0,1,1,1,0,0,0,1,0,0,1,0,1,1,1,0,1,1,1,1,0,0,1,1,1,0,0,1,0,1,0,0,1,0,1,0,1,1,1,0,1,1,1,1,1,1,1,1,1,1,0,0,1,0,0,1,0,0,1,0,1,0,1,1,0,0,1,1,1,0,0,0,0,
21
1,1,4,4,4,7,7,7,7,7,7,11,24,24,44,44,66,123,123,123,123,
0,0,1,1,1,1,1,0,1,0,1,1,0,0,0,0,0,1,1,1,1,
19
59,59,59,59,59,59,59,59,59,59,59,59,59,59,59,59,59,59,59,
1,0,0,1,0,1,0,1,1,1,1,0,1,1,1,1,1,1,1,
17
38,48,48,48,48,48,48,79,82,82,82,82,123,123,123,123,123,
1,0,0,0,0,0,0,1,0,1,1,1,1,1,1,1,1,
2
4,4,
1,1,
54
5,5,5,5,5,5,5,6,6,6,6,6,6,6,6,6,6,6,8,8,8,8,8,9,9,9,10,10,10,11,11,11,11,11,14,19,30,30,30,30,33,33,33,33,33,33,33,33,40,88,88,88,91,94,
0,1,0,0,1,1,1,1,1,1,1,1,1,1,1,1,1,1,0,0,0,1,1,1,1,1,1,1,1,1,1,1,1,1,1,1,0,1,1,1,1,1,1,1,1,1,1,1,1,1,1,1,1,1,
190
6,13,14,14,14,14,15,15,15,15,15,15,16,16,16,16,17,18,18,20,20,20,20,20,20,20,20,20,20,20,30,32,33,33,33,33,33,33,33,34,34,34,35,35,35,36,37,38,39,39,39,42,42,42,42,42,42,42,42,45,46,46,46,46,46,46,46,46,46,46,46,46,47,47,47,47,47,47,47,47,48,48,48,48,48,49,49,50,50,50,50,51,51,51,51,51,51,51,51,51,51,55,55,55,55,55,55,55,55,55,55,81,81,81,81,81,97,97,97,97,97,97,118,123,123,123,123,123,123,123,123,123,123,123,123,123,123,123,123,123,123,123,123,123,123,123,123,123,123,123,123,123,123,123,123,123,123,123,123,123,123,123,123,123,123,123,123,123,123,123,123,123,123,123,123,123,123,123,123,123,123,123,123,123,123,123,123,123,123,123,
0,1,0,0,0,1,0,1,0,0,1,1,0,1,1,1,1,1,1,1,1,1,1,0,0,0,1,1,1,0,1,1,1,1,1,0,1,1,1,1,1,1,1,1,1,1,1,1,1,1,1,1,0,0,1,0,1,1,1,0,1,1,1,1,0,0,1,1,1,1,1,1,0,0,0,1,0,1,1,1,0,0,1,1,1,1,1,0,1,1,1,0,0,0,0,1,0,0,1,1,1,0,1,1,1,1,1,1,1,0,1,0,1,1,1,1,0,0,1,0,1,1,1,1,1,1,0,1,0,0,0,1,1,1,0,1,1,1,0,1,0,0,0,0,0,0,0,1,1,0,0,0,0,0,1,0,1,1,1,1,0,1,0,0,1,1,0,0,0,1,1,0,1,0,0,1,1,0,1,1,0,1,0,1,1,1,1,1,1,1,
198
30,30,30,30,30,30,30,30,30,30,30,30,30,30,30,30,30,30,30,30,30,30,30,30,30,30,30,30,32,32,32,32,32,32,32,32,32,33,33,33,33,33,33,33,33,33,33,33,33,33,37,37,37,38,38,38,38,38,38,41,41,41,41,41,41,41,41,41,45,45,45,45,45,45,45,45,45,45,45,55,55,55,55,55,55,55,55,55,55,55,55,55,55,55,55,55,55,55,55,79,79,79,79,79,79,79,79,79,79,79,79,79,79,79,79,79,79,79,79,82,82,82,82,82,82,82,82,82,82,82,82,82,97,97,97,97,97,97,97,97,98,98,98,98,98,98,98,98,123,123,123,123,123,123,123,123,123,123,123,123,123,123,123,123,123,123,123,123,123,123,123,123,123,123,123,123,123,123,123,123,123,123,123,123,123,123,123,123,123,123,123,123,123,123,123,123,123,123,
0,0,1,1,0,1,1,1,1,0,1,1,1,0,1,1,1,0,1,1,1,1,1,1,1,1,1,1,1,0,0,0,1,1,1,1,1,1,1,1,1,1,0,0,0,1,1,1,1,1,0,0,0,0,1,1,1,1,1,0,1,1,0,1,1,1,1,1,0,0,0,0,0,1,0,0,0,0,0,0,1,0,0,1,0,0,0,1,0,1,1,1,0,0,0,1,0,0,0,0,0,1,1,1,1,1,1,1,0,1,1,0,1,0,1,1,1,1,1,0,1,1,1,0,1,1,1,1,1,1,1,1,0,0,0,0,0,1,1,1,0,0,0,1,1,1,1,1,0,1,0,1,0,1,1,1,1,1,1,1,1,1,0,0,1,0,1,1,1,1,1,1,0,0,0,1,1,1,1,1,0,1,1,1,1,1,1,0,0,1,0,1,0,0,1,0,1,0,
94
38,80,80,80,80,80,80,80,80,80,80,80,80,80,80,80,80,80,80,80,80,80,80,80,80,80,82,82,82,82,82,82,82,82,123,123,123,123,123,123,123,123,123,123,123,123,123,123,123,123,123,123,123,123,123,123,123,123,123,123,123,123,123,123,123,123,123,123,123,123,123,123,123,123,123,123,123,123,123,123,123,123,123,123,123,123,123,123,123,123,123,123,123,123,
0,0,0,0,0,0,0,0,0,0,0,0,0,0,0,0,0,0,0,0,0,1,1,1,1,1,0,0,0,1,1,1,1,1,0,0,0,0,0,0,0,0,0,0,0,0,0,0,1,0,0,0,0,0,0,0,0,0,0,0,0,1,1,1,0,1,0,1,1,0,0,1,1,0,0,0,0,1,0,0,1,1,0,1,0,1,0,0,1,0,1,1,1,1,
37
30,32,33,33,33,33,33,37,41,45,55,55,55,55,55,79,79,79,79,79,79,79,79,79,79,79,79,82,82,82,82,82,82,82,82,82,97,
0,1,1,1,1,1,1,1,0,1,1,1,1,1,1,1,1,1,0,1,0,0,1,1,1,1,1,1,0,1,0,1,1,1,1,1,1,
89
5,5,5,5,5,5,5,5,5,5,5,5,5,5,5,5,5,5,5,5,5,7,7,7,7,7,7,8,8,8,8,8,8,8,9,9,9,9,9,9,9,9,10,10,10,10,10,10,11,11,11,11,11,11,56,56,56,98,98,98,98,98,98,98,98,98,98,98,98,98,98,98,98,98,98,98,98,98,106,106,106,106,106,106,106,106,106,106,106,
1,1,0,1,1,1,1,0,1,1,0,1,0,1,1,0,1,0,1,1,1,0,0,0,1,1,1,0,1,0,0,0,1,1,1,1,1,0,1,0,1,1,1,1,1,1,1,1,1,1,1,1,1,0,1,1,1,1,1,1,0,0,1,1,1,1,0,1,1,1,1,0,1,1,1,1,1,1,0,0,1,1,0,1,1,0,1,1,1,
88
5,5,5,6,6,7,7,7,8,8,8,8,8,8,8,9,9,9,11,11,13,13,13,14,14,14,14,14,14,14,14,14,14,30,30,30,30,30,30,30,32,32,32,45,55,55,58,79,79,79,79,79,79,79,79,79,79,79,79,79,79,79,80,81,81,81,81,81,82,82,98,98,98,98,98,98,98,123,123,123,123,123,123,123,123,123,123,123,
0,1,0,0,0,1,1,1,0,0,0,1,0,0,0,0,1,0,1,1,0,0,0,1,1,0,1,1,1,1,1,1,1,1,1,0,0,0,0,0,0,0,0,1,1,1,0,0,0,0,0,0,0,0,0,0,1,0,1,1,0,1,1,0,1,1,1,1,0,0,1,1,1,0,0,0,0,0,0,0,1,1,0,0,0,0,0,0,
102
1,1,1,1,1,1,1,1,1,1,1,1,24,24,24,24,24,24,24,24,24,24,24,24,31,31,31,31,31,31,31,31,32,32,32,32,32,32,32,32,32,32,32,33,33,33,33,33,33,33,33,33,33,33,33,33,33,33,33,33,33,33,44,44,44,44,48,48,48,48,48,48,48,48,123,123,123,123,123,123,123,123,123,123,123,123,123,123,123,123,123,123,123,123,123,123,123,123,123,123,123,123,
0,0,0,1,0,1,0,1,0,1,1,1,0,0,0,1,0,1,0,1,0,1,1,1,0,0,0,0,0,1,1,1,1,1,1,0,1,0,1,0,1,1,1,0,0,0,0,1,0,0,0,0,0,0,1,1,1,0,0,1,1,1,0,1,1,1,0,0,0,0,0,1,1,1,0,0,0,0,0,0,0,0,0,1,0,0,1,0,1,1,0,0,1,1,0,0,1,0,1,0,0,1,
117
1,1,1,1,1,1,1,1,1,1,1,1,1,24,24,24,24,24,24,24,24,24,24,24,24,24,30,30,30,30,30,30,30,30,30,30,30,30,30,30,30,30,30,30,30,30,30,30,30,30,30,30,30,30,30,30,31,31,31,31,31,32,32,32,32,32,32,32,32,32,32,33,33,33,33,33,33,33,33,44,44,44,44,44,44,44,44,47,48,48,48,48,48,48,48,48,48,48,51,51,51,51,51,51,51,51,51,123,123,123,123,123,123,123,123,123,123,
0,0,0,0,0,1,1,0,0,0,0,0,1,0,0,0,0,0,1,1,0,0,0,0,0,1,1,1,1,0,0,1,0,0,1,1,0,0,0,1,1,1,1,0,1,1,1,1,1,1,1,1,0,0,0,0,0,1,1,0,0,1,0,1,1,1,1,0,1,1,1,1,1,1,1,0,1,1,1,0,0,0,0,0,0,0,1,0,0,1,1,0,0,0,0,1,1,1,1,0,0,0,1,0,1,1,1,0,0,0,0,0,0,0,1,1,1,
110
30,30,30,30,30,30,30,30,30,30,30,30,30,30,30,30,30,30,30,30,30,30,30,30,30,30,30,30,30,30,30,30,32,32,33,34,36,36,36,36,42,42,42,42,42,42,44,49,49,49,49,49,49,56,58,78,79,79,79,79,79,79,79,79,79,79,79,79,79,79,79,79,79,79,81,81,81,81,81,82,98,98,98,98,98,98,98,98,99,99,99,99,99,99,99,99,99,99,99,99,99,99,99,99,99,99,99,99,99,99,
1,0,0,1,0,1,1,1,0,0,0,0,0,0,0,0,0,0,0,0,0,1,1,1,0,1,1,0,0,1,1,1,1,1,1,1,0,1,1,1,0,0,1,1,1,1,1,0,0,1,1,1,1,1,0,1,0,0,0,0,0,1,0,1,0,1,0,1,0,1,0,1,1,1,1,1,1,1,1,1,1,1,1,1,0,0,1,0,0,1,1,1,0,1,1,1,0,1,0,1,1,1,0,1,1,1,0,1,1,1,
168
6,6,6,6,6,6,6,6,6,6,8,8,8,8,8,14,14,14,14,14,14,14,14,14,14,18,18,18,18,18,18,18,27,27,27,27,27,27,27,30,30,30,30,30,30,30,30,30,30,30,30,30,37,37,37,37,37,45,45,45,45,45,45,45,45,45,45,45,45,45,45,45,45,45,45,45,45,45,45,45,45,45,45,45,45,45,45,45,45,45,45,45,45,58,58,58,58,58,58,58,58,58,58,58,58,58,58,58,58,58,58,58,58,58,58,58,58,58,58,58,58,58,58,58,58,58,58,58,58,96,96,96,96,96,96,96,96,96,96,96,96,96,96,96,96,96,97,123,123,123,123,123,123,123,123,123,123,123,123,123,123,123,123,123,123,123,123,123,
0,0,0,0,0,0,0,0,0,0,0,0,0,0,0,0,0,0,0,0,0,0,0,0,0,0,0,0,0,0,0,0,0,0,0,0,0,0,0,0,0,0,0,0,0,0,0,0,0,0,0,0,0,0,0,0,0,0,0,0,0,0,0,0,0,0,0,0,0,0,0,0,0,0,0,0,0,0,0,0,0,0,0,0,0,0,0,0,0,0,0,0,0,0,0,0,0,0,0,0,0,0,0,0,0,0,0,0,0,0,0,0,0,0,0,0,0,0,0,0,0,0,0,0,0,0,0,0,0,0,1,0,0,0,0,0,0,0,0,0,0,0,0,0,0,0,1,0,0,0,0,0,0,0,0,0,1,0,0,1,0,0,0,0,0,0,0,0,
72
63,63,98,98,98,98,98,98,98,98,98,98,98,98,98,98,98,98,98,98,99,99,99,99,99,99,99,99,99,99,99,99,99,99,99,99,99,99,99,99,99,99,99,99,99,99,99,99,99,99,99,99,99,99,99,99,99,99,99,99,99,99,99,99,99,99,99,99,123,123,123,123,
0,0,0,0,1,1,1,1,1,1,1,1,0,1,1,1,1,1,0,0,0,1,1,1,1,0,1,0,1,1,1,0,1,0,1,0,1,0,1,1,1,0,1,1,1,0,1,1,1,0,1,1,1,0,1,1,1,0,1,0,1,0,1,1,1,1,1,1,1,1,1,0,
162
5,5,5,5,5,5,5,5,5,5,5,5,5,5,7,7,7,7,7,8,8,8,8,8,8,9,9,9,9,9,9,10,10,10,11,11,11,12,12,12,12,12,12,12,25,26,26,26,26,26,26,32,32,32,32,32,32,32,36,36,38,38,38,38,38,38,42,42,42,45,45,45,46,46,46,46,46,52,52,55,55,55,55,55,58,58,58,58,58,58,58,58,59,59,59,59,59,59,59,59,60,60,60,60,60,60,79,79,79,79,79,79,81,81,81,81,82,82,82,82,82,82,82,82,82,82,88,88,89,89,91,94,96,97,98,98,98,98,98,98,98,98,98,98,98,98,98,98,98,98,98,98,98,98,98,98,123,123,123,123,123,123,
0,0,1,0,1,0,1,1,1,1,0,1,1,1,0,0,1,1,1,0,0,0,1,0,1,0,1,1,1,1,1,1,1,1,0,1,1,0,1,1,0,1,1,1,1,1,0,1,1,1,1,0,1,0,1,0,1,1,1,1,1,1,1,0,0,1,1,1,1,0,0,0,0,1,1,1,1,1,1,1,0,0,1,0,1,0,1,0,0,0,0,1,1,0,0,1,0,1,1,1,1,1,0,1,1,1,1,1,0,1,1,1,1,1,1,1,0,1,1,0,1,1,1,0,1,1,0,1,1,1,1,1,1,1,1,1,1,1,0,1,1,0,1,1,1,0,0,1,0,0,1,0,1,1,1,1,0,0,0,0,0,0,
77
37,45,55,55,55,55,55,58,63,63,79,79,79,81,81,81,81,81,97,98,98,98,98,98,98,98,98,98,98,98,98,98,98,98,98,98,98,98,98,98,98,98,98,98,98,98,98,98,98,98,98,98,98,98,98,98,98,98,98,98,98,98,99,99,99,99,99,99,99,99,99,99,99,123,123,123,123,
1,0,0,1,1,1,1,0,1,1,1,1,1,0,1,1,1,1,1,1,1,1,0,0,0,1,1,0,0,1,1,1,0,1,0,0,0,1,0,1,1,1,0,1,1,1,0,1,0,1,1,1,1,0,1,1,1,1,1,1,1,1,0,1,1,1,0,1,1,1,1,1,1,1,1,1,0,
4
29,52,52,52,
1,0,1,0,
16
0,0,0,0,0,0,0,0,9,9,9,9,9,9,9,11,
1,1,1,1,1,1,1,1,1,1,1,1,1,1,1,1,
22
0,0,0,0,0,0,0,0,0,0,0,9,9,9,9,9,9,9,11,11,11,11,
1,1,1,1,1,1,0,1,1,1,1,1,1,1,1,1,1,1,0,1,1,1,
167
30,30,30,30,30,31,31,32,32,32,32,32,32,33,33,33,33,33,33,33,33,33,37,38,39,39,42,42,42,44,44,44,44,45,47,47,47,47,49,49,55,55,55,55,55,59,68,68,68,68,69,69,69,69,69,69,69,69,69,69,69,69,69,69,69,69,69,69,69,69,69,70,70,70,70,70,70,74,75,75,75,76,76,76,76,76,79,79,79,81,81,82,82,82,82,96,96,96,97,97,97,97,97,97,97,97,97,97,97,97,97,97,97,97,97,97,97,97,97,97,97,98,98,98,98,98,98,98,98,123,123,123,123,123,123,123,123,123,123,123,123,123,123,123,123,123,123,123,123,123,123,123,123,123,123,123,123,123,123,123,123,123,123,123,123,123,123,
0,1,0,0,1,0,0,1,1,0,1,1,1,1,1,0,1,1,1,1,1,1,1,1,0,1,0,0,1,0,1,0,0,1,0,0,0,0,0,0,1,1,1,1,1,1,0,1,1,1,0,0,0,0,0,0,0,0,1,0,1,0,0,0,0,0,1,0,0,0,0,0,1,0,0,1,1,0,0,0,0,1,1,0,0,0,1,1,1,1,1,1,1,1,1,1,1,1,1,1,1,0,1,0,0,1,0,1,0,0,1,1,0,1,1,0,1,1,0,1,1,0,1,1,0,0,1,1,1,1,1,1,1,1,0,0,0,0,1,0,0,1,1,0,1,0,0,0,0,1,1,1,1,0,0,1,0,0,1,0,0,0,0,0,0,0,0,
92
37,37,45,45,55,55,55,55,55,79,79,79,79,79,80,80,80,80,80,80,81,81,81,81,81,81,81,81,81,81,81,81,81,97,97,97,97,97,97,97,97,97,97,97,97,97,97,97,97,97,97,97,97,97,97,97,97,97,97,97,97,97,97,97,97,97,97,97,97,123,123,123,123,123,123,123,123,123,123,123,123,123,123,123,123,123,123,123,123,123,123,123,
1,1,1,1,1,1,1,1,1,0,1,0,1,0,0,0,0,1,0,1,0,0,1,0,0,1,1,1,1,1,1,1,1,1,0,0,1,1,0,0,1,1,1,0,1,1,0,0,1,1,1,0,1,1,1,1,0,1,1,1,1,1,1,0,1,0,1,1,1,1,1,1,1,1,1,1,0,1,0,1,1,1,1,0,1,1,0,1,0,0,1,1,
11
7,7,7,7,8,8,8,9,9,9,11,
0,0,0,0,0,0,0,0,0,0,0,
39
13,13,13,13,13,13,13,13,13,13,13,13,13,13,13,13,13,13,13,13,13,13,13,13,13,14,14,14,14,14,14,14,14,14,14,14,14,14,14,
0,1,0,0,0,0,0,0,0,0,0,1,0,1,0,1,0,0,0,1,0,0,0,0,0,0,1,1,1,0,1,0,1,1,1,0,0,1,1,
5
98,98,98,98,98,
1,1,1,1,1,
33
37,55,58,79,79,79,79,79,79,79,79,79,79,79,79,79,79,81,81,81,81,81,81,82,82,123,123,123,123,123,123,123,123,
1,1,0,0,0,1,1,0,0,0,0,0,0,0,0,0,0,0,0,0,0,1,1,0,0,0,0,1,1,1,1,1,0,
106
30,30,30,30,30,30,30,30,30,30,30,30,30,30,30,30,30,30,30,30,30,30,30,30,30,30,30,30,30,30,30,37,37,37,38,38,38,38,38,38,38,38,42,42,42,42,42,42,42,42,42,42,42,42,42,42,45,45,55,55,55,55,55,58,79,79,79,79,79,79,79,79,79,79,79,79,79,79,79,79,81,81,81,81,81,81,81,81,82,82,82,82,82,82,82,96,123,123,123,123,123,123,123,123,123,123,
1,0,0,0,0,0,0,0,0,0,1,1,1,0,0,0,1,0,0,0,0,0,0,1,0,0,0,0,1,0,1,0,1,1,0,0,0,0,0,0,0,1,0,0,0,0,0,0,0,0,0,1,0,1,0,1,0,1,0,0,1,1,1,0,0,0,0,0,0,0,0,0,0,0,0,1,1,1,0,1,0,1,1,1,0,1,1,1,0,1,0,1,1,1,1,1,1,1,0,1,1,1,1,1,1,1,
43
15,15,15,15,16,16,16,16,17,18,18,25,25,25,25,98,98,98,98,98,98,98,98,98,98,98,98,98,98,98,98,98,98,98,98,98,106,106,106,106,123,123,123,
0,1,1,1,0,1,1,1,1,1,1,0,1,1,1,0,1,1,1,1,0,1,1,1,0,1,0,1,1,0,1,1,1,1,1,1,0,0,1,0,0,1,1,
21
15,15,15,15,15,16,16,16,16,16,17,18,19,106,123,123,123,123,123,123,123,
0,0,1,1,1,0,0,1,1,1,1,1,1,1,1,1,1,1,0,1,0,
171
1,1,1,1,1,1,1,1,1,1,1,1,1,1,1,1,1,1,1,1,1,1,1,1,1,1,1,1,1,1,1,7,7,7,7,7,7,7,7,7,7,7,7,7,7,7,7,7,7,7,7,24,24,24,24,24,24,24,24,24,24,24,24,24,24,24,24,24,24,24,31,31,31,31,31,31,31,31,31,31,31,31,31,31,31,31,31,31,31,31,31,31,31,31,31,31,31,44,44,44,44,44,44,44,44,44,44,48,48,48,48,48,48,48,48,48,48,49,49,49,49,49,49,49,49,49,49,49,49,123,123,123,123,123,123,123,123,123,123,123,123,123,123,123,123,123,123,123,123,123,123,123,123,123,123,123,123,123,123,123,123,123,123,123,123,123,123,123,123,123,123,
0,0,0,1,0,0,0,0,0,0,1,0,0,1,1,0,1,1,1,1,1,0,0,0,0,0,0,0,0,0,0,0,1,0,0,1,1,1,0,1,1,1,1,1,1,0,0,0,0,0,1,0,0,0,1,0,0,0,0,0,0,1,0,1,1,1,0,0,0,0,0,0,0,0,0,0,0,1,0,0,1,1,1,1,1,1,1,0,0,0,0,0,0,0,0,0,0,0,0,1,0,0,0,0,0,0,1,0,0,0,0,0,1,1,1,1,0,0,1,0,1,1,1,0,0,0,0,0,0,0,0,0,0,1,0,0,0,1,1,1,0,1,0,0,0,1,0,1,0,1,0,0,0,1,0,1,0,1,0,1,1,0,0,1,0,1,0,0,0,1,0,
51
18,18,25,26,26,26,26,26,26,26,27,27,27,27,27,27,27,30,30,30,30,30,30,30,37,42,42,55,56,79,79,79,79,79,79,81,81,81,81,81,81,81,81,81,81,81,82,82,96,123,123,
1,1,0,0,1,0,0,0,0,1,0,0,0,0,0,0,0,0,1,0,1,1,1,0,1,0,0,1,1,1,0,0,1,1,1,1,0,1,0,0,1,1,0,0,1,1,1,1,1,0,0,
154
37,37,37,37,37,37,37,37,37,38,38,38,38,38,38,38,38,42,42,42,42,42,45,45,45,45,45,55,55,55,55,55,55,55,55,55,55,55,55,55,55,79,79,79,79,79,79,79,79,79,79,79,79,79,79,79,81,81,81,81,81,81,81,81,81,81,81,81,81,81,81,81,81,81,81,81,81,81,81,81,81,81,81,81,81,81,81,92,98,98,98,98,98,98,98,123,123,123,123,123,123,123,123,123,123,123,123,123,123,123,123,123,123,123,123,123,123,123,123,123,123,123,123,123,123,123,123,123,123,123,123,123,123,123,123,123,123,123,123,123,123,123,123,123,123,123,123,123,123,123,123,123,123,123,
1,0,0,0,0,0,0,0,0,0,0,0,0,0,0,0,0,0,0,0,0,0,0,0,0,0,0,1,0,0,0,0,0,0,0,0,0,0,0,0,0,0,1,0,0,1,0,0,0,0,0,0,0,0,0,1,0,0,0,0,0,0,0,0,0,0,0,0,0,0,0,0,0,0,0,0,0,0,0,0,0,0,0,0,1,0,1,0,0,0,0,0,0,0,0,0,1,0,1,1,1,1,1,1,1,1,0,1,1,1,1,0,1,0,1,0,1,0,1,0,1,0,1,0,0,0,1,0,0,0,0,0,0,0,0,0,0,0,0,0,0,0,0,0,0,0,0,0,0,0,0,0,1,1,
116
30,30,30,30,30,30,30,30,30,30,30,30,30,30,32,32,32,32,32,32,32,33,33,33,33,33,33,33,33,33,33,33,37,37,37,38,38,38,38,38,38,38,41,41,41,41,41,41,41,41,41,41,41,41,41,41,55,55,55,55,55,79,79,79,79,79,79,82,82,82,82,82,82,82,82,82,82,82,82,82,82,82,82,82,82,82,82,82,82,97,97,97,97,97,97,97,97,97,98,98,98,98,98,98,98,98,98,98,98,98,98,123,123,123,123,123,
0,1,1,0,1,1,1,1,1,1,1,1,1,1,1,0,1,1,1,1,1,1,1,1,1,1,0,1,1,1,1,1,1,1,1,1,0,1,1,1,1,1,0,1,0,0,1,0,0,0,0,1,1,1,1,1,1,1,1,1,1,1,1,1,1,1,1,0,1,0,0,1,1,0,1,1,1,0,1,1,1,0,1,0,1,1,1,1,1,0,0,0,1,0,0,1,1,1,0,1,1,0,0,1,1,1,1,0,1,0,1,1,0,0,1,1,
